 1  r 1  p 1   1   1  
 1   1   1   1   1  
 2   2   2   2   1  
 1   1   2   1   1  
 1   1   1   1  l 1  
f 1  a 2   1   1   2  
 1   1   1   1   1  
 2   2   2   1   1  
 1   1   2  e 3  d 3  
o 2  n 2   1   2   2  
 1   1   1   1   4  
 4   1  t 3  i 3  b 1  
 1   1   1   2   1  
 2   3   6   7   3  
 2   1   2   2   2  
 1   1   1   1   2  
 1   1   1   1   1  
 1   2   1   6   6  
 1   1   1   1   1  
 1   1   1   1   3  
 1   1   8   7   7  
 5   1   2   1   1  
 2   2   2   2   1  
 1   5   7   1   1  
 1   1   2   2   2  
 1   2   1   2   2  
4 1   3   1  3 1   2  
 3   3   4   4   3  
 1   1   1  2 1   1  
 2   1   1   3   1  
 1   1   3  32 3   1  
 1   1   1   1   1  
 1   1   1   1   1  
 1   3   3   3   12  
 12  . 4  1 1   1   1  
 4   8   3   3   3  
 8   7   3   1   1  
 2   1   2   1   4  
 1   3   1   1   5  
 6   2   1   1   4  
 3   3   3   3   3  
 3   1   1   6   4  
 2   3   3   2   3  
 1   18   1   1   2  
 1   1   1   1   3  
 1   2   1   2   3  
 3   3   2   4   1  
 1   3   2   1   3  
 1   8   1   1   1  
 1   5   1   2   2  
 5   1   1   2   1  
 1   2   1   2   2  
 3   1   2   1   1  
 1   1   2   15   1  
 1   7   1   1   3  
 2   4   2   2   2  
 1   6   5   5   18  
 8   8   23   1   1  
 5   4   5   2   1  
 5   2   3   5   7  
 1   4   4   1   3  
 2   2   5   4   12  
 9   9   1   1   3  
 3   20   4   11   11  
 3   1   1   10   5  
 8   8   10   5   5  
 4   2   8  
 21  : 2  
 15   16   17   20   21  
 21  